0
1064
1064
2788
2788
3446
3445
2787
2787
1063
1063
-1067
-1067
-2791
-2791
-3449
-3449
-2791
-2791
-1067
-1067
1063
1064
2788
2788
3446
3445
2787
2787
1063
1063
-1067
-1067
-2791
-2791
-3449
-3449
-2791
-2791
-1067
-1067
1063
1064
2788
2788
3446
3446
2788
2787
1063
1064
-1066
-1067
-2791
-2791
-3449
-3449
-2791
-2791
-1067
-1067
1063
1064
2788
2788
3446
3446
2788
2787
1063
1063
-1067
-1067
-2791
-2791
-3449
-3449
-2791
-2791
-1067
-1067
1063
1064
2788
2788
3446
3445
2787
2787
1063
1063
-1067
-1067
-2791
-2791
-3449
-3449
-2791
-2791
-1067
-1067
1063
1064
2788
2787
3445
3445
2787
2787
1063
1063
-1067
-1067
-2791
-2791
-3449
-3450
-2792
-2791
-1067
-1067
1063
1063
2787
2788
3446
3446
2788
2788
1064
1063
-1067
-1067
-2791
-2791
-3449
-3449
-2791
-2791
-1067
-1067
1063
1064
2788
2788
3446
3445
2787
2787
1063
1064
-1066
-1067
-2791
-2791
-3449
-3450
-2792
-2791
-1067
-1067
1063
1063
2787
2788
3446
3446
2788
2788
1064
1063
-1067
-1067
-2791
-2791
-3449
-3449
-2791
-2791
-1067
-1067
1063
1064
2788
2787
3445
3445
2787
2788
1064
1064
-1066
-1067
-2791
-2791
-3449
-3450
-2792
-2791
-1067
-1067
