0
1064
894
2644
2367
3070
2959
2318
2419
679
955
-1218
-874
-2652
-2370
-3073
-2961
-2321
-2423
-683
-958
1216
871
2649
2367
3069
2958
2318
2419
679
955
-1218
-874
-2652
-2370
-3073
-2961
-2321
-2423
-683
-958
1216
871
2649
2367
3069
2958
2318
2419
679
955
-1219
-875
-2652
-2370
-3073
-2961
-2321
-2423
-683
-958
1216
871
2649
2367
3069
2958
2318
2419
679
955
-1218
-874
-2652
-2370
-3073
-2961
-2321
-2423
-683
-958
1216
871
2649
2367
3069
2958
2318
2419
679
955
-1218
-873
-2651
-2369
-3072
-2961
-2321
-2423
-683
-959
1215
871
2649
2367
3070
2959
2318
2419
679
955
-1218
-874
-2652
-2370
-3073
-2962
-2322
-2423
-683
-958
1216
871
2649
2367
3069
2958
2318
2419
679
955
-1218
-873
-2651
-2369
-3072
-2961
-2321
-2423
-683
-958
1216
871
2649
2367
3069
2958
2318
2419
679
955
-1219
-875
-2652
-2370
-3073
-2962
-2322
-2423
-683
-958
1216
871
2649
2367
3069
2958
2318
2419
679
955
-1218
-874
-2652
-2369
-3072
-2961
-2321
-2423
-683
-958
1216
871
2649
2367
3070
2959
2318
2419
679
955
-1219
-875
-2652
-2369
-3072
-2962
-2322
-2423
-683
-959
