0
1024
896
2560
2560
3200
3200
2560
2560
896
896
-1280
-1152
-2816
-2816
-3456
-3456
-2816
-2816
-1152
-1152
1024
896
2560
2560
3200
3200
2560
2560
896
896
-1280
-1152
-2816
-2816
-3456
-3456
-2816
-2816
-1152
-1152
1024
896
2560
2560
3200
3200
2560
2560
896
896
-1280
-1152
-2816
-2816
-3456
-3456
-2816
-2816
-1152
-1152
1024
896
2560
2560
3200
3200
2560
2560
896
896
-1280
-1152
-2816
-2816
-3456
-3456
-2816
-2816
-1152
-1152
1024
896
2560
2560
3200
3200
2560
2560
896
896
-1280
-1152
-2816
-2816
-3456
-3456
-2816
-2816
-1152
-1152
1024
896
2560
2560
3200
3200
2560
2560
896
896
-1280
-1152
-2816
-2816
-3456
-3456
-2816
-2816
-1152
-1152
1024
896
2560
2560
3200
3200
2560
2560
896
896
-1280
-1152
-2816
-2816
-3456
-3456
-2816
-2816
-1152
-1152
1024
896
2560
2560
3200
3200
2560
2560
896
896
-1280
-1152
-2816
-2816
-3456
-3456
-2816
-2816
-1152
-1152
1024
896
2560
2560
3200
3200
2560
2560
896
896
-1280
-1152
-2816
-2816
-3456
-3456
-2816
-2816
-1152
-1152
1024
896
2560
2560
3200
3200
2560
2560
896
896
-1280
-1152
-2816
-2816
-3456
-3456
-2816
-2816
-1152
-1152
