0
0
0
0
528
528
1392
1392
1784
5224
4992
4992
4176
1128
3480
3480
2528
2176
2112
2112
2336
2296
3152
3152
792
792
1752
1752
1808
5248
5032
5032
4176
1128
3488
3488
2528
2176
2112
2112
2336
2296
3152
3152
792
792
1752
1752
1808
1808
1592
5032
4176
736
3096
3488
2528
5576
5512
2112
2336
2688
3544
3152
792
832
1792
1752
1808
1808
1592
5032
4176
736
3096
3488
2528
5576
5512
2112
2336
2688
3544
3152
792
832
1792
1752
1808
1808
1592
5032
4176
736
3096
3488
2528
2136
2072
2112
2336
5736
6592
3152
792
1184
2144
1752
1808
1848
1632
5032
4176
736
3096
3488
2528
2136
2072
2112
2336
5736
6592
3152
792
1184
2144
1752
1808
1848
1632
1592
736
736
3096
3096
2136
2136
2072
2072
2296
5736
6592
3152
792
1184
2144
1752
1808
1848
1632
5032
4176
736
3096
3488
2528
2136
2072
2112
2336
2296
3152
3152
792
4232
5192
1752
1808
2200
1984
1592
736
776
3136
6536
5576
2136
2072
2464
2688
2296
3152
3192
832
792
1752
1752
1808
5248
5032
1592
736
1128
3488
6536
5576
2176
2112
2464
2688
